bWb = 14.5;
bWs = 12.5;
bL = 20.5;

d1 = 0;
d2 = 0;
d3 = 0;
L1 = 3.4;
L2 = 8.7;
L3 = 12.73;